x0 = [10.00, 10.14, 10.14, 10.00]
y0 = [ 2.00,  2.00,  2.15,  2.15]
z0 = [ 0.00,  0.00,  0.00,  0.00]

x1 = [10.00, 10.14, 10.14, 10.00]
y1 = [ 3.05,  3.05,  3.24,  3.24]
z1 = [12.89, 12.89, 12.89, 12.89]


#Linhas Amarelas
x = [-2.00, 2.00,  2.00, -2.00; 
y = [ 2.00, 2.00, -2.00, -2.00; 
z = [ 0.52, 0.52,  0.52,  0.52; 

#Linhas Amarelas e Verdes
x = [-2.0, 0.0, 2.0; -2.0, 0.0, 2.0; -2.0,  0.0,  2.0]
y = [ 2.0, 2.0, 2.0;  0.0, 0.0, 0.0; -2.0, -2.0, -2.0]
z = [ 0.6, 0.6, 0.6;  0.6, 0.0, 0.6;  0.6,  0.6,  0.6]

#Linhas Amarelas, Verdes e Cianos
x = [-2.0, -1.00,  0.0,  1.00,  2.0,
     -2.0, -1.00,  0.0,  1.00,  2.0,
     -2.0, -1.00,  0.0,  1.00,  2.0,
     -2.0, -1.00,  0.0,  1.00,  2.0,
     -2.0, -1.00,  0.0,  1.00,  2.0]
     
y = [ 2.0,  2.00,  2.0,  2.00,  2.0,
      1.0,  1.00,  1.0,  1.00,  1.0,
      0.0,  0.00,  0.0,  0.00,  0.0,
     -1.0, -1.00, -1.0, -1.00, -1.0,
     -2.0, -2.00, -2.0, -2.00, -2.0]
     
z = [ 0.6,  0.60,  0.6,  0.60,  0.6,
      0.6,  0.45,  0.3,  0.45,  0.6,
      0.6,  0.30,  0.0,  0.30,  0.6,
      0.6,  0.45,  0.3,  0.45,  0.6,
      0.6,  0.60,  0.6,  0.60,  0.6]
      
      
      
      
#Modelo 6
x = [-2.0, -1.00,  0.00,         1.25,  2.00,
     -2.0, -1.00,  0.00,  
                   0.00,         1.25,  2.00,
     -2.0, -1.00,  0.00,  1.00,  1.25,  2.00,
     -2.0, -1.00,  0.00,  1.00,         2.00,
     -2.0, -1.00,  0.00,  1.00,         2.00]
     
y = [ 2.0,  2.00,  2.00,         2.00,  2.00,
      1.0,  1.00,  1.00,  
                   0.85,         0.85,  0.85,
      0.0,  0.00,  0.00,  0.00,  0.00,  0.00,
     -1.0, -1.00, -1.00, -1.00,        -1.00,
     -2.0, -2.00, -2.00, -2.00,        -2.00]
     
z = [ 0.6,  0.60,  0.60,         0.60,  0.60,
      0.6,  0.45,  0.60,  
                   0.60,         0.45,  0.60,
      0.6,  0.60,  0.60,  0.60,  0.60,  0.60,
      0.6,  0.45,  0.60,  0.75,         0.60,
      0.6,  0.60,  0.60,  0.60,         0.60]     




#Modelo 6.1
x = [-2.0, -1.00,  0.00,  1.00,  1.25,  2.00,
     -2.0, -1.00,  0.00,  1.00,  1.25,  2.00,
                   0.00,  1.00,  1.25,  2.00,
     -2.0, -1.00,  0.00,  1.00,  1.25,  2.00,
     -2.0, -1.00,  0.00,  1.00,         2.00,
     -2.0, -1.00,  0.00,  1.00,         2.00]
     
y = [ 2.0,  2.00,  2.00,  2.00,  2.00,  2.00,
      1.0,  1.00,  1.00,  1.00,  1.00,  1.00,
                   0.85,  0.85,  0.85,  0.85,
      0.0,  0.00,  0.00,  0.00,  0.00,  0.00,
     -1.0, -1.00, -1.00, -1.00,        -1.00,
     -2.0, -2.00, -2.00, -2.00,        -2.00]
     
z = [ 0.6,  0.60,  0.60,  0.60,  0.60,  0.60,
      0.6,  0.45,  0.60,  0.50,  0.47,  0.60,
                   0.60,  0.48,  0.45,  0.60,
      0.6,  0.30,  0.60,  0.60,  0.60,  0.60,
      0.6,  0.45,  0.60,  0.45,         0.60,
      0.6,  0.60,  0.60,  0.60,         0.60]
      
      
#Modelo 7
x = [-2.00, -1.00,  0.00,         1.25,  2.00,         3.00,
     -2.00, -1.00,  0.00,                              3.00,
                    0.00,         1.25,  2.00,
     -2.00, -1.00,  0.00,  1.00,  1.25,  2.00,         3.00,
     -2.00, -1.00,  0.00,  1.00,         2.00,  2.50,  
     -2.00, -1.00,  0.00,  1.00,         2.00,
            -1.00,  0.00,  1.00]
     
y = [ 2.00,  2.00,  2.00,         2.00,  2.00,         2.00, 
      1.00,  1.00,  1.00,                              1.00,
                    0.85,         0.85,  0.85,
      0.00,  0.00,  0.00,  0.00,  0.00,  0.00,         0.00,
     -1.00, -1.00, -1.00, -1.00,        -1.00, -1.00,
     -2.00, -2.00, -2.00, -2.00,        -2.00,
            -3.00, -3.00, -3.00]
     
z = [ 0.60,  0.60,  0.60,         0.60,  0.60,         0.60,
      0.60,  0.45,  0.60,                              0.55,  
                    0.60,         0.45,  0.60,         
      0.60,  0.60,  0.60,  0.60,  0.60,  0.60,         0.50,
      0.60,  0.45,  0.60,  0.45,         0.60,  0.55,
      0.60,  0.60,  0.60,  0.60,         0.60,
             0.65,  0.63,  0.65]     
      
      
#Modelo 7.1
x = [-2.00, -1.00,  0.00,         1.25,  2.00,         3.00,
     -2.00, -1.00,  0.00,                              3.00,
                    0.00,         1.25,  2.00,
     -2.00, -1.00,  0.00,  1.00,  1.25,  2.00,         3.00,
     -2.00, -1.00,  0.00,  1.00,         2.00,  2.50,  3.00, 
     -2.00, -1.00,  0.00,  1.00,         2.00,  2.50,  3.00,
     -2.00, -1.00,  0.00,  1.00,  1.25,  2.00,  2.50,  3.00]
     
y = [ 2.00,  2.00,  2.00,         2.00,  2.00,         2.00, 
      1.00,  1.00,  1.00,                              1.00,
                    0.85,         0.85,  0.85,
      0.00,  0.00,  0.00,  0.00,  0.00,  0.00,         0.00,
     -1.00, -1.00, -1.00, -1.00,        -1.00, -1.00, -1.00,
     -2.00, -2.00, -2.00, -2.00,        -2.00, -2.00, -2.00,
     -3.00, -3.00, -3.00, -3.00, -3.00, -3.00, -3.00, -3.00]
     
z = [ 0.00,  0.00,  0.00,         0.00,  0.00,          0.00,
      0.00, -0.15,  0.00,                              -0.10,  
                    0.00,        -0.15,  0.00,         
      0.00,  0.00,  0.00,  0.00,  0.00,  0.00,         -0.15,
      0.00, -0.15,  0.00, -0.15,         0.00,  -0.10, -1.00,
      0.00,  0.00,  0.00,  0.00,         0.00,  -1.00, -1.00,
     -1.00,  0.05, -0.03,  0.05, -1.00, -1.00,  -1.00, -1.00]
      